              precision    recall  f1-score   support

           2       0.00      0.00      0.00        10
           7       0.07      0.10      0.08        10
          16       0.14      0.10      0.12        10
          25       0.00      0.00      0.00        10
          38       0.00      0.00      0.00        10
          44       0.00      0.00      0.00        10
          45       0.00      0.00      0.00        10
          81       0.00      0.00      0.00        10
          91       0.50      0.10      0.17        10
         191       0.18      0.20      0.19        10
         201       0.04      0.20      0.07        10
         216       0.00      0.00      0.00        10
         233       0.00      0.00      0.00        10
         253       0.00      0.00      0.00        10
         256       0.00      0.00      0.00        10
         257       0.00      0.00      0.00        10
         280       0.00      0.00      0.00        10
         313       0.00      0.00      0.00        10
         328       0.00      0.00      0.00        10
         350       0.00      0.00      0.00        10
         354       0.00      0.00      0.00        10
         367       0.00      0.00      0.00        10
         368       0.00      0.00      0.00        10
         375       0.00      0.00      0.00        10
         384       0.00      0.00      0.00        10
         416       0.00      0.00      0.00        10
         418       0.00      0.00      0.00        10
         422       0.00      0.00      0.00        10
         423       0.00      0.00      0.00        10
         451       0.00      0.00      0.00        10
         461       0.00      0.00      0.00        10
         470       0.00      0.00      0.00        10
         478       0.00      0.00      0.00        10
         496       0.00      0.00      0.00        10
         505       0.00      0.00      0.00        10
         513       0.00      0.00      0.00        10
         552       0.00      0.00      0.00        10
         585       0.00      0.00      0.00        10
         602       0.00      0.00      0.00        10
         632       0.00      0.00      0.00        10
         682       0.00      0.00      0.00        10
         684       0.00      0.00      0.00        10
         696       0.33      0.10      0.15        10
         726       0.00      0.00      0.00        10
         742       0.00      0.00      0.00        10
         752       0.00      0.00      0.00        10
         767       0.00      0.00      0.00        10
         785       0.00      0.00      0.00        10
         804       0.00      0.00      0.00        10
         806       0.00      0.00      0.00        10
         816       0.00      0.00      0.00        10
         826       0.00      0.00      0.00        10
         876       0.08      0.10      0.09        10
         942       0.11      0.20      0.14        10
        1023       0.50      0.10      0.17        10
        1057       0.18      0.20      0.19        10
        1063       0.00      0.00      0.00        10
        1104       0.00      0.00      0.00        10
        1123       0.00      0.00      0.00        10
        1129       0.25      0.10      0.14        10
        1144       0.09      0.10      0.10        10
        1159       0.17      0.10      0.12        10
        1172       0.00      0.00      0.00        10
        1174       0.16      0.30      0.21        10
        1191       0.00      0.00      0.00        10
        1195       0.50      0.10      0.17        10
        1212       0.00      0.00      0.00        10
        1223       0.20      0.10      0.13        10
        1244       0.00      0.00      0.00        10
        1247       0.30      0.30      0.30        10
        1267       0.00      0.00      0.00        10
        1275       0.11      0.10      0.11        10
        1287       0.03      0.10      0.05        10
        1306       0.00      0.00      0.00        10
        1308       0.00      0.00      0.00        10
        1351       0.14      0.10      0.12        10
        1361       0.11      0.10      0.11        10
        1409       0.00      0.00      0.00        10
        1411       0.00      0.00      0.00        10
        1422       0.00      0.00      0.00        10
        1439       0.00      0.00      0.00        10
        1442       0.00      0.00      0.00        10
        1443       0.00      0.00      0.00        10
        1450       0.00      0.00      0.00        10
        1462       0.00      0.00      0.00        10
        1464       0.29      0.20      0.24        10
        1508       0.29      0.20      0.24        10
        1528       0.17      0.10      0.12        10
        1559       0.00      0.00      0.00        10
        1617       0.00      0.00      0.00        10
        1633       0.00      0.00      0.00        10
        1634       0.00      0.00      0.00        10
        1637       0.00      0.00      0.00        10
        1646       0.00      0.00      0.00        10
        1651       0.17      0.20      0.18        10
        1674       0.00      0.00      0.00        10
        1684       0.00      0.00      0.00        10
        1685       0.00      0.00      0.00        10
        1718       0.05      0.10      0.07        10
        1722       0.29      0.20      0.24        10
        1763       0.00      0.00      0.00        10
        1805       0.00      0.00      0.00        10
        1809       0.00      0.00      0.00        10
        1851       0.00      0.00      0.00        10
        1862       0.00      0.00      0.00        10
        1869       0.00      0.00      0.00        10
        1882       0.10      0.10      0.10        10
        1890       0.00      0.00      0.00        10
        1895       0.00      0.00      0.00        10
        1918       0.00      0.00      0.00        10
        1919       0.00      0.00      0.00        10
        1945       0.00      0.00      0.00        10
        1982       0.00      0.00      0.00        10
        2001       0.00      0.00      0.00        10
        2028       0.00      0.00      0.00        10
        2047       0.00      0.00      0.00        10
        2050       0.00      0.00      0.00        10
        2053       0.00      0.00      0.00        10
        2083       0.00      0.00      0.00        10
        2125       0.00      0.00      0.00        10
        2140       0.12      0.10      0.11        10
        2163       0.00      0.00      0.00        10
        2172       0.00      0.00      0.00        10
        2186       0.00      0.00      0.00        10
        2250       0.00      0.00      0.00        10
        2255       0.00      0.00      0.00        10
        2258       0.00      0.00      0.00        10
        2294       0.00      0.00      0.00        10
        2313       0.00      0.00      0.00        10
        2318       0.00      0.00      0.00        10
        2341       0.08      0.10      0.09        10
        2366       0.06      0.10      0.08        10
        2371       0.06      0.20      0.09        10
        2376       0.00      0.00      0.00        10
        2384       0.00      0.00      0.00        10
        2389       0.40      0.20      0.27        10
        2427       0.00      0.00      0.00        10
        2442       0.00      0.00      0.00        10
        2486       0.00      0.00      0.00        10
        2506       0.00      0.00      0.00        10
        2510       0.00      0.00      0.00        10
        2513       0.00      0.00      0.00        10
        2532       0.00      0.00      0.00        10
        2534       0.00      0.00      0.00        10
        2581       0.00      0.00      0.00        10
        2585       0.00      0.00      0.00        10
        2588       0.17      0.10      0.12        10
        2609       0.00      0.00      0.00        10
        2639       0.00      0.00      0.00        10
        2680       0.00      0.00      0.00        10
        2702       0.33      0.10      0.15        10
        2712       0.12      0.10      0.11        10
        2747       0.05      0.20      0.08        10
        2752       0.00      0.00      0.00        10
        2761       0.00      0.00      0.00        10
        2775       0.00      0.00      0.00        10
        2824       0.17      0.10      0.12        10
        2833       0.25      0.30      0.27        10
        2872       0.12      0.20      0.15        10
        2927       0.00      0.00      0.00        10
        2928       0.08      0.20      0.11        10
        2935       0.20      0.30      0.24        10
        2943       0.00      0.00      0.00        10
        2952       0.00      0.00      0.00        10
        2960       0.00      0.00      0.00        10
        2973       0.00      0.00      0.00        10
        3003       0.00      0.00      0.00        10
        3018       0.00      0.00      0.00        10
        3023       0.00      0.00      0.00        10
        3024       0.00      0.00      0.00        10
        3043       0.00      0.00      0.00        10
        3046       0.00      0.00      0.00        10
        3078       0.00      0.00      0.00        10
        3140       0.03      0.10      0.04        10
        3170       0.10      0.20      0.13        10
        3184       0.06      0.10      0.07        10
        3230       0.00      0.00      0.00        10
        3272       0.00      0.00      0.00        10
        3274       0.00      0.00      0.00        10
        3309       0.17      0.20      0.18        10
        3316       0.00      0.00      0.00        10
        3338       0.05      0.80      0.10        10
        3345       0.00      0.00      0.00        10
        3347       0.00      0.00      0.00        10
        3365       0.00      0.00      0.00        10
        3428       0.00      0.00      0.00        10
        3436       0.04      0.10      0.06        10
        3464       0.00      0.00      0.00        10
        3476       0.00      0.00      0.00        10
        3481       0.00      0.00      0.00        10
        3490       0.00      0.00      0.00        10
        3503       0.00      0.00      0.00        10
        3580       0.00      0.00      0.00        10
        3599       0.07      0.30      0.12        10
        3612       0.25      0.10      0.14        10
        3626       1.00      0.10      0.18        10
        3631       0.00      0.00      0.00        10
        3644       0.03      0.30      0.05        10
        3659       0.00      0.00      0.00        10
        3666       0.00      0.00      0.00        10
        3677       0.00      0.00      0.00        10
        3689       0.00      0.00      0.00        10
        3705       0.00      0.00      0.00        10
        3732       0.00      0.00      0.00        10
        3756       0.00      0.00      0.00        10
        3762       0.00      0.00      0.00        10
        3770       0.20      0.10      0.13        10
        3801       0.00      0.00      0.00        10
        3808       0.20      0.10      0.13        10
        3828       0.00      0.00      0.00        10
        3832       0.00      0.00      0.00        10
        3889       0.00      0.00      0.00        10
        3911       0.00      0.00      0.00        10
        3913       0.00      0.00      0.00        10
        3919       0.00      0.00      0.00        10
        3921       0.00      0.00      0.00        10
        3925       0.00      0.00      0.00        10
        3932       0.00      0.00      0.00        10
        3984       0.00      0.00      0.00        10
        4023       0.03      0.80      0.07        10
        4134       0.00      0.00      0.00        10
        4136       0.00      0.00      0.00        10
        4137       0.00      0.00      0.00        10
        4153       0.00      0.00      0.00        10
        4167       0.00      0.00      0.00        10
        4172       0.00      0.00      0.00        10
        4215       0.00      0.00      0.00        10
        4226       0.00      0.00      0.00        10
        4242       0.00      0.00      0.00        10
        4249       0.00      0.00      0.00        10
        4265       0.00      0.00      0.00        10
        4295       0.00      0.00      0.00        10
        4332       0.00      0.00      0.00        10
        4340       0.00      0.00      0.00        10
        4391       0.00      0.00      0.00        10
        4403       0.00      0.00      0.00        10
        4411       0.20      0.10      0.13        10
        4415       0.00      0.00      0.00        10
        4445       0.00      0.00      0.00        10
        4508       0.00      0.00      0.00        10
        4548       0.00      0.00      0.00        10
        4549       0.00      0.00      0.00        10
        4640       0.00      0.00      0.00        10
        4671       0.00      0.00      0.00        10
        4718       0.20      0.10      0.13        10
        4720       0.20      0.10      0.13        10
        4729       0.10      0.10      0.10        10
        4754       0.00      0.00      0.00        10
        4771       0.60      0.30      0.40        10
        4774       0.22      0.20      0.21        10
        4786       0.00      0.00      0.00        10
        4806       0.08      0.10      0.09        10
        4817       0.00      0.00      0.00        10
        4864       0.00      0.00      0.00        10
        4931       0.00      0.00      0.00        10
        4935       0.00      0.00      0.00        10
        4972       0.00      0.00      0.00        10
        4986       0.00      0.00      0.00        10
        4999       0.00      0.00      0.00        10
        5055       0.00      0.00      0.00        10
        5063       0.00      0.00      0.00        10
        5077       0.00      0.00      0.00        10
        5091       0.05      0.20      0.08        10
        5105       0.00      0.00      0.00        10
        5122       0.00      0.00      0.00        10
        5126       0.03      0.10      0.05        10
        5129       0.00      0.00      0.00        10
        5135       0.20      0.10      0.13        10
        5138       0.00      0.00      0.00        10
        5156       0.00      0.00      0.00        10
        5175       0.00      0.00      0.00        10
        5177       0.00      0.00      0.00        10
        5178       0.00      0.00      0.00        10
        5179       0.00      0.00      0.00        10
        5181       0.00      0.00      0.00        10
        5204       0.00      0.00      0.00        10
        5228       0.00      0.00      0.00        10
        5263       0.00      0.00      0.00        10
        5279       0.20      0.10      0.13        10
        5292       0.11      0.10      0.11        10
        5301       0.00      0.00      0.00        10
        5307       0.00      0.00      0.00        10
        5316       0.00      0.00      0.00        10
        5375       0.00      0.00      0.00        10
        5377       0.00      0.00      0.00        10
        5395       0.00      0.00      0.00        10
        5396       0.05      0.10      0.07        10
        5406       0.00      0.00      0.00        10
        5424       0.00      0.00      0.00        10
        5439       0.00      0.00      0.00        10
        5442       0.05      0.20      0.08        10
        5491       0.25      0.10      0.14        10
        5495       0.03      0.10      0.04        10
        5559       0.33      0.10      0.15        10
        5560       0.14      0.10      0.12        10
        5580       0.00      0.00      0.00        10
        5582       0.12      0.50      0.20        10
        5594       0.08      0.10      0.09        10
        5609       0.00      0.00      0.00        10
        5618       0.08      0.10      0.09        10
        5624       0.29      0.20      0.24        10
        5643       0.00      0.00      0.00        10
        5657       0.18      0.20      0.19        10
        5691       0.00      0.00      0.00        10
        5719       0.50      0.20      0.29        10
        5759       0.02      0.10      0.04        10
        5819       0.05      0.10      0.06        10
        5821       0.00      0.00      0.00        10
        5826       0.20      0.10      0.13        10
        5859       0.11      0.20      0.14        10
        5875       0.14      0.10      0.12        10
        5890       0.00      0.00      0.00        10
        5952       0.22      0.20      0.21        10
        5967       0.20      0.10      0.13        10
        5973       0.06      0.10      0.07        10
        5992       0.29      0.20      0.24        10
        6034       0.00      0.00      0.00        10
        6059       0.00      0.00      0.00        10
        6096       0.25      0.20      0.22        10
        6113       0.60      0.30      0.40        10
        6151       0.00      0.00      0.00        10
        6155       0.00      0.00      0.00        10
        6189       0.00      0.00      0.00        10
        6203       0.00      0.00      0.00        10
        6220       0.00      0.00      0.00        10
        6254       0.00      0.00      0.00        10
        6263       0.00      0.00      0.00        10
        6317       0.00      0.00      0.00        10
        6334       0.00      0.00      0.00        10
        6340       0.00      0.00      0.00        10
        6344       0.00      0.00      0.00        10
        6366       0.00      0.00      0.00        10
        6411       0.05      0.10      0.06        10
        6415       0.00      0.00      0.00        10
        6461       0.06      0.10      0.08        10
        6486       0.00      0.00      0.00        10
        6493       0.00      0.00      0.00        10
        6500       0.00      0.00      0.00        10
        6504       0.03      0.10      0.05        10
        6527       0.00      0.00      0.00        10
        6529       0.03      0.20      0.05        10
        6537       0.08      0.10      0.09        10
        6538       0.00      0.00      0.00        10
        6623       0.00      0.00      0.00        10
        6634       0.00      0.00      0.00        10
        6647       0.14      0.50      0.22        10
        6648       0.18      0.20      0.19        10
        6680       0.10      0.10      0.10        10
        6700       0.09      0.40      0.14        10
        6703       0.50      0.10      0.17        10
        6724       0.00      0.00      0.00        10
        6746       0.00      0.00      0.00        10
        6757       0.00      0.00      0.00        10
        6809       0.13      0.20      0.16        10
        6879       0.17      0.40      0.24        10
        6961       0.09      0.20      0.12        10
        6962       0.00      0.00      0.00        10
        6972       0.05      0.10      0.07        10
        7008       0.12      0.10      0.11        10
        7012       0.00      0.00      0.00        10
        7029       0.08      0.20      0.12        10
        7034       0.00      0.00      0.00        10
        7061       0.00      0.00      0.00        10
        7077       0.00      0.00      0.00        10
        7082       0.22      0.20      0.21        10
        7086       0.62      0.50      0.56        10
        7087       0.00      0.00      0.00        10
        7089       0.00      0.00      0.00        10
        7100       0.00      0.00      0.00        10
        7158       0.00      0.00      0.00        10
        7233       0.00      0.00      0.00        10
        7254       0.08      0.10      0.09        10
        7312       0.08      0.10      0.09        10
        7362       0.10      0.20      0.13        10
        7377       0.09      0.10      0.10        10
        7448       0.00      0.00      0.00        10
        7488       0.07      0.10      0.08        10
        7499       0.25      0.30      0.27        10
        7534       0.07      0.10      0.08        10
        7539       0.00      0.00      0.00        10
        7542       0.00      0.00      0.00        10
        7562       0.00      0.00      0.00        10
        7575       0.00      0.00      0.00        10
        7578       0.00      0.00      0.00        10
        7595       0.00      0.00      0.00        10
        7611       0.00      0.00      0.00        10
        7618       0.00      0.00      0.00        10
        7622       0.00      0.00      0.00        10
        7718       0.06      0.20      0.09        10
        7737       0.25      0.30      0.27        10
        7761       0.00      0.00      0.00        10
        7772       0.00      0.00      0.00        10
        7786       0.04      0.10      0.06        10
        7807       0.00      0.00      0.00        10
        7838       0.11      0.20      0.14        10
        7853       0.11      0.10      0.11        10
        7917       0.00      0.00      0.00        10
        7932       0.12      0.10      0.11        10
        7935       0.07      0.20      0.11        10
        7943       0.08      0.10      0.09        10
        7944       0.00      0.00      0.00        10
        7964       0.00      0.00      0.00        10
        7972       0.00      0.00      0.00        10
        7996       0.25      0.40      0.31        10
        8015       0.00      0.00      0.00        10
        8024       0.04      0.10      0.06        10
        8055       0.00      0.00      0.00        10
        8062       0.16      0.30      0.21        10
        8090       0.00      0.00      0.00        10
        8136       0.00      0.00      0.00        10
        8155       0.00      0.00      0.00        10
        8162       0.00      0.00      0.00        10
        8165       0.00      0.00      0.00        10
        8210       0.00      0.00      0.00        10
        8235       0.00      0.00      0.00        10
        8241       0.06      0.10      0.08        10
        8321       0.00      0.00      0.00        10
        8346       0.00      0.00      0.00        10
        8370       0.00      0.00      0.00        10
        8396       0.00      0.00      0.00        10
        8445       0.00      0.00      0.00        10
        8457       0.00      0.00      0.00        10
        8460       0.03      0.10      0.04        10
        8473       0.05      0.10      0.07        10
        8526       0.00      0.00      0.00        10
        8543       0.33      0.10      0.15        10
        8574       0.18      0.40      0.25        10
        8627       0.00      0.00      0.00        10
        8629       0.00      0.00      0.00        10
        8650       0.17      0.20      0.18        10
        8658       0.00      0.00      0.00        10
        8670       0.00      0.00      0.00        10
        8732       0.00      0.00      0.00        10
        8737       0.00      0.00      0.00        10
        8741       0.40      0.60      0.48        10
        8742       0.11      0.10      0.11        10
        8763       0.14      0.10      0.12        10
        8768       0.00      0.00      0.00        10
        8771       0.00      0.00      0.00        10
        8772       0.00      0.00      0.00        10
        8788       0.00      0.00      0.00        10
        8825       0.00      0.00      0.00        10
        8838       0.00      0.00      0.00        10
        8843       0.05      0.10      0.06        10
        8848       0.00      0.00      0.00        10
        8864       0.00      0.00      0.00        10
        8886       0.00      0.00      0.00        10
        8898       0.00      0.00      0.00        10
        8967       0.00      0.00      0.00        10
        8969       0.08      0.10      0.09        10
        8971       0.00      0.00      0.00        10
        8986       0.00      0.00      0.00        10
        8989       0.10      0.10      0.10        10
        9001       0.00      0.00      0.00        10
        9019       0.40      0.20      0.27        10
        9021       0.00      0.00      0.00        10
        9032       0.04      0.10      0.06        10
        9041       0.00      0.00      0.00        10
        9042       0.00      0.00      0.00        10
        9081       0.00      0.00      0.00        10
        9139       0.14      0.10      0.12        10
        9144       0.09      0.20      0.12        10
        9201       0.00      0.00      0.00        10
        9221       0.08      0.10      0.09        10
        9232       0.00      0.00      0.00        10
        9279       0.00      0.00      0.00        10
        9281       0.04      0.10      0.06        10
        9376       0.00      0.00      0.00        10
        9386       0.00      0.00      0.00        10
        9415       0.00      0.00      0.00        10
        9420       0.00      0.00      0.00        10
        9437       0.00      0.00      0.00        10
        9443       0.00      0.00      0.00        10
        9508       0.00      0.00      0.00        10
        9512       0.00      0.00      0.00        10
        9516       0.00      0.00      0.00        10
        9537       0.00      0.00      0.00        10
        9565       0.00      0.00      0.00        10
        9579       0.00      0.00      0.00        10
        9593       0.00      0.00      0.00        10
        9626       0.00      0.00      0.00        10
        9642       0.00      0.00      0.00        10
        9657       0.25      0.10      0.14        10
        9666       0.00      0.00      0.00        10
        9703       0.33      0.10      0.15        10
        9725       0.00      0.00      0.00        10
        9733       0.00      0.00      0.00        10
        9748       0.00      0.00      0.00        10
        9777       0.00      0.00      0.00        10
        9783       0.00      0.00      0.00        10
        9793       0.00      0.00      0.00        10
        9797       0.04      0.10      0.06        10
        9821       0.11      0.20      0.14        10
        9834       0.00      0.00      0.00        10
        9856       0.03      0.10      0.04        10
        9860       0.00      0.00      0.00        10
        9918       0.06      0.10      0.07        10
        9948       0.00      0.00      0.00        10
        9969       0.00      0.00      0.00        10
        9976       0.00      0.00      0.00        10

    accuracy                           0.05      5000
   macro avg       0.05      0.05      0.04      5000
weighted avg       0.05      0.05      0.04      5000
