              precision    recall  f1-score   support

           0       0.00      0.00      0.00        10
           1       0.00      0.00      0.00        10
           2       0.00      0.00      0.00        10
           3       0.00      0.00      0.00        10
           4       0.00      0.00      0.00        10
           5       0.00      0.00      0.00        10
           6       0.00      0.00      0.00        10
           7       0.00      0.00      0.00        10
           8       0.00      0.00      0.00        10
           9       0.00      0.00      0.00        10
          10       0.00      0.00      0.00        10
          11       0.00      0.00      0.00        10
          12       0.03      0.20      0.04        10
          13       0.25      0.10      0.14        10
          14       0.00      0.00      0.00        10
          15       0.00      0.00      0.00        10
          16       0.00      0.00      0.00        10
          17       0.00      0.00      0.00        10
          18       0.00      0.00      0.00        10
          19       0.00      0.00      0.00        10
          20       0.00      0.00      0.00        10
          21       0.00      0.00      0.00        10
          22       0.00      0.00      0.00        10
          23       0.00      0.00      0.00        10
          24       0.00      0.00      0.00        10
          25       0.00      0.00      0.00        10
          26       0.00      0.00      0.00        10
          27       0.00      0.00      0.00        10
          28       0.12      0.20      0.15        10
          29       0.00      0.00      0.00        10
          30       0.00      0.00      0.00        10
          31       0.00      0.00      0.00        10
          32       0.00      0.00      0.00        10
          33       0.00      0.00      0.00        10
          34       0.00      0.00      0.00        10
          35       0.00      0.00      0.00        10
          36       0.00      0.00      0.00        10
          37       0.00      0.00      0.00        10
          38       0.09      0.10      0.10        10
          39       0.00      0.00      0.00        10
          40       0.00      0.00      0.00        10
          41       0.00      0.00      0.00        10
          42       0.00      0.00      0.00        10
          43       0.00      0.00      0.00        10
          44       0.00      0.00      0.00        10
          45       0.00      0.00      0.00        10
          46       0.00      0.00      0.00        10
          47       0.00      0.00      0.00        10
          48       0.00      0.00      0.00        10
          49       0.00      0.00      0.00        10
          50       0.00      0.00      0.00        10
          51       0.00      0.00      0.00        10
          52       0.00      0.00      0.00        10
          53       0.09      0.10      0.10        10
          54       0.00      0.00      0.00        10
          55       0.00      0.00      0.00        10
          56       0.08      0.10      0.09        10
          57       0.00      0.00      0.00        10
          58       0.00      0.00      0.00        10
          59       0.00      0.00      0.00        10
          60       0.00      0.00      0.00        10
          61       0.00      0.00      0.00        10
          62       0.00      0.00      0.00        10
          63       0.00      0.00      0.00        10
          64       0.00      0.00      0.00        10
          65       0.00      0.00      0.00        10
          66       0.00      0.00      0.00        10
          67       0.00      0.00      0.00        10
          68       0.00      0.00      0.00        10
          69       0.00      0.00      0.00        10
          70       0.00      0.00      0.00        10
          71       0.00      0.00      0.00        10
          72       0.00      0.00      0.00        10
          73       0.00      0.00      0.00        10
          74       0.00      0.00      0.00        10
          75       0.00      0.00      0.00        10
          76       0.00      0.00      0.00        10
          77       0.00      0.00      0.00        10
          78       0.00      0.00      0.00        10
          79       0.09      0.10      0.10        10
          80       0.00      0.00      0.00        10
          81       0.00      0.00      0.00        10
          82       0.00      0.00      0.00        10
          83       0.00      0.00      0.00        10
          84       0.00      0.00      0.00        10
          85       0.00      0.00      0.00        10
          86       0.00      0.00      0.00        10
          87       0.07      0.10      0.08        10
          88       0.00      0.00      0.00        10
          89       0.00      0.00      0.00        10
          90       0.00      0.00      0.00        10
          91       0.00      0.00      0.00        10
          92       0.03      0.10      0.05        10
          93       0.33      0.20      0.25        10
          94       0.03      0.20      0.04        10
          95       0.00      0.00      0.00        10
          96       0.02      0.10      0.04        10
          97       0.04      0.10      0.06        10
          98       0.00      0.00      0.00        10
          99       0.00      0.00      0.00        10
         100       0.00      0.00      0.00        10
         101       0.00      0.00      0.00        10
         102       0.00      0.00      0.00        10
         103       0.00      0.00      0.00        10
         104       0.00      0.00      0.00        10
         105       0.03      0.10      0.05        10
         106       0.08      0.30      0.13        10
         107       0.00      0.00      0.00        10
         108       0.00      0.00      0.00        10
         109       0.00      0.00      0.00        10
         110       0.00      0.00      0.00        10
         111       0.00      0.00      0.00        10
         112       0.00      0.00      0.00        10
         113       0.00      0.00      0.00        10
         114       0.00      0.00      0.00        10
         115       0.00      0.00      0.00        10
         116       0.00      0.00      0.00        10
         117       0.00      0.00      0.00        10
         118       0.00      0.00      0.00        10
         119       0.00      0.00      0.00        10
         120       0.00      0.00      0.00        10
         121       0.00      0.00      0.00        10
         122       0.00      0.00      0.00        10
         123       0.00      0.00      0.00        10
         124       0.00      0.00      0.00        10
         125       0.00      0.00      0.00        10
         126       0.00      0.00      0.00        10
         127       0.00      0.00      0.00        10
         128       0.00      0.00      0.00        10
         129       0.00      0.00      0.00        10
         130       0.00      0.00      0.00        10
         131       0.00      0.00      0.00        10
         132       0.00      0.00      0.00        10
         133       0.00      0.00      0.00        10
         134       0.00      0.00      0.00        10
         135       0.08      0.40      0.13        10
         136       0.00      0.00      0.00        10
         137       0.00      0.00      0.00        10
         138       0.00      0.00      0.00        10
         139       0.00      0.00      0.00        10
         140       0.00      0.00      0.00        10
         141       0.00      0.00      0.00        10
         142       0.10      0.10      0.10        10
         143       0.00      0.00      0.00        10
         144       0.00      0.00      0.00        10
         145       0.06      0.20      0.09        10
         146       0.00      0.00      0.00        10
         147       0.00      0.00      0.00        10
         148       0.00      0.00      0.00        10
         149       0.00      0.00      0.00        10
         150       0.00      0.00      0.00        10
         151       0.00      0.00      0.00        10
         152       0.00      0.00      0.00        10
         153       0.00      0.00      0.00        10
         154       0.00      0.00      0.00        10
         155       0.00      0.00      0.00        10
         156       0.00      0.00      0.00        10
         157       0.22      0.40      0.29        10
         158       0.04      0.10      0.06        10
         159       0.00      0.00      0.00        10
         160       0.06      0.30      0.11        10
         161       0.00      0.00      0.00        10
         162       0.00      0.00      0.00        10
         163       0.00      0.00      0.00        10
         164       0.00      0.00      0.00        10
         165       0.00      0.00      0.00        10
         166       0.00      0.00      0.00        10
         167       0.00      0.00      0.00        10
         168       0.00      0.00      0.00        10
         169       0.00      0.00      0.00        10
         170       0.00      0.00      0.00        10
         171       0.00      0.00      0.00        10
         172       0.00      0.00      0.00        10
         173       0.06      0.20      0.09        10
         174       0.00      0.00      0.00        10
         175       0.00      0.00      0.00        10
         176       0.08      0.40      0.13        10
         177       0.00      0.00      0.00        10
         178       0.00      0.00      0.00        10
         179       0.00      0.00      0.00        10
         180       0.00      0.00      0.00        10
         181       0.13      0.30      0.18        10
         182       0.00      0.00      0.00        10
         183       0.50      0.10      0.17        10
         184       0.00      0.00      0.00        10
         185       0.00      0.00      0.00        10
         186       0.03      0.10      0.04        10
         187       0.00      0.00      0.00        10
         188       0.00      0.00      0.00        10
         189       0.00      0.00      0.00        10
         190       0.00      0.00      0.00        10
         191       0.00      0.00      0.00        10
         192       0.00      0.00      0.00        10
         193       0.00      0.00      0.00        10
         194       0.00      0.00      0.00        10
         195       0.00      0.00      0.00        10
         196       0.00      0.00      0.00        10
         197       0.20      0.20      0.20        10
         198       0.06      0.10      0.07        10
         199       0.03      0.10      0.05        10
         200       0.00      0.00      0.00        10
         201       0.00      0.00      0.00        10
         202       0.00      0.00      0.00        10
         203       0.00      0.00      0.00        10
         204       1.00      0.10      0.18        10
         205       0.17      0.10      0.12        10
         206       0.00      0.00      0.00        10
         207       0.00      0.00      0.00        10
         208       0.00      0.00      0.00        10
         209       0.00      0.00      0.00        10
         210       0.00      0.00      0.00        10
         211       0.00      0.00      0.00        10
         212       0.00      0.00      0.00        10
         213       0.00      0.00      0.00        10
         214       0.00      0.00      0.00        10
         215       0.00      0.00      0.00        10
         216       0.00      0.00      0.00        10
         217       0.00      0.00      0.00        10
         218       0.00      0.00      0.00        10
         219       0.00      0.00      0.00        10
         220       0.00      0.00      0.00        10
         221       0.00      0.00      0.00        10
         222       0.00      0.00      0.00        10
         223       0.00      0.00      0.00        10
         224       0.00      0.00      0.00        10
         225       0.00      0.00      0.00        10
         226       0.00      0.00      0.00        10
         227       0.09      0.20      0.12        10
         228       0.03      0.20      0.04        10
         229       0.00      0.00      0.00        10
         230       0.00      0.00      0.00        10
         231       0.00      0.00      0.00        10
         232       0.04      0.10      0.06        10
         233       0.00      0.00      0.00        10
         234       0.00      0.00      0.00        10
         235       0.00      0.00      0.00        10
         236       0.00      0.00      0.00        10
         237       0.00      0.00      0.00        10
         238       0.00      0.00      0.00        10
         239       0.10      0.30      0.15        10
         240       0.00      0.00      0.00        10
         241       0.00      0.00      0.00        10
         242       0.00      0.00      0.00        10
         243       0.00      0.00      0.00        10
         244       0.00      0.00      0.00        10
         245       0.00      0.00      0.00        10
         246       0.00      0.00      0.00        10
         247       0.00      0.00      0.00        10
         248       0.00      0.00      0.00        10
         249       0.00      0.00      0.00        10
         250       0.00      0.00      0.00        10
         251       0.00      0.00      0.00        10
         252       0.00      0.00      0.00        10
         253       0.00      0.00      0.00        10
         254       0.00      0.00      0.00        10
         255       0.00      0.00      0.00        10
         256       0.00      0.00      0.00        10
         257       0.00      0.00      0.00        10
         258       0.00      0.00      0.00        10
         259       0.00      0.00      0.00        10
         260       0.00      0.00      0.00        10
         261       0.00      0.00      0.00        10
         262       0.02      0.20      0.03        10
         263       0.00      0.00      0.00        10
         264       0.00      0.00      0.00        10
         265       0.00      0.00      0.00        10
         266       0.00      0.00      0.00        10
         267       0.00      0.00      0.00        10
         268       0.00      0.00      0.00        10
         269       0.00      0.00      0.00        10
         270       0.00      0.00      0.00        10
         271       0.00      0.00      0.00        10
         272       0.00      0.00      0.00        10
         273       0.07      0.10      0.08        10
         274       0.00      0.00      0.00        10
         275       0.04      0.10      0.05        10
         276       0.00      0.00      0.00        10
         277       0.00      0.00      0.00        10
         278       0.00      0.00      0.00        10
         279       0.00      0.00      0.00        10
         280       0.07      0.10      0.08        10
         281       0.00      0.00      0.00        10
         282       0.04      0.20      0.06        10
         283       0.00      0.00      0.00        10
         284       0.00      0.00      0.00        10
         285       0.03      0.10      0.04        10
         286       0.06      0.30      0.10        10
         287       0.00      0.00      0.00        10
         288       0.08      0.10      0.09        10
         289       0.00      0.00      0.00        10
         290       0.07      0.20      0.10        10
         291       0.00      0.00      0.00        10
         292       0.02      0.10      0.04        10
         293       0.00      0.00      0.00        10
         294       0.00      0.00      0.00        10
         295       0.07      0.10      0.08        10
         296       0.17      0.70      0.27        10
         297       0.00      0.00      0.00        10
         298       0.00      0.00      0.00        10
         299       0.00      0.00      0.00        10
         300       0.03      0.10      0.04        10
         301       0.02      0.10      0.03        10
         302       0.10      0.10      0.10        10
         303       0.00      0.00      0.00        10
         304       0.03      0.20      0.06        10
         305       0.00      0.00      0.00        10
         306       0.05      0.20      0.08        10
         307       0.00      0.00      0.00        10
         308       0.00      0.00      0.00        10
         309       0.00      0.00      0.00        10
         310       0.00      0.00      0.00        10
         311       0.00      0.00      0.00        10
         312       0.00      0.00      0.00        10
         313       0.20      0.10      0.13        10
         314       0.10      0.10      0.10        10
         315       0.14      0.50      0.21        10
         316       0.00      0.00      0.00        10
         317       0.04      0.20      0.07        10
         318       0.06      0.30      0.10        10
         319       0.06      0.10      0.07        10
         320       0.00      0.00      0.00        10
         321       0.00      0.00      0.00        10
         322       0.00      0.00      0.00        10
         323       0.00      0.00      0.00        10
         324       0.00      0.00      0.00        10
         325       0.09      0.10      0.10        10
         326       0.00      0.00      0.00        10
         327       0.00      0.00      0.00        10
         328       0.00      0.00      0.00        10
         329       0.33      0.10      0.15        10
         330       0.00      0.00      0.00        10
         331       0.00      0.00      0.00        10
         332       0.00      0.00      0.00        10
         333       0.00      0.00      0.00        10
         334       0.11      0.10      0.11        10
         335       0.02      0.10      0.03        10
         336       0.00      0.00      0.00        10
         337       0.00      0.00      0.00        10
         338       0.09      0.10      0.10        10
         339       0.05      0.30      0.08        10
         340       0.02      0.10      0.03        10
         341       0.00      0.00      0.00        10
         342       0.00      0.00      0.00        10
         343       0.05      0.30      0.09        10
         344       0.00      0.00      0.00        10
         345       0.11      0.40      0.17        10
         346       0.00      0.00      0.00        10
         347       0.00      0.00      0.00        10
         348       0.00      0.00      0.00        10
         349       0.00      0.00      0.00        10
         350       0.10      0.20      0.13        10
         351       0.00      0.00      0.00        10
         352       0.03      0.10      0.04        10
         353       0.03      0.10      0.04        10
         354       0.50      0.20      0.29        10
         355       0.11      0.10      0.11        10
         356       0.08      0.20      0.11        10
         357       0.00      0.00      0.00        10
         358       0.00      0.00      0.00        10
         359       0.00      0.00      0.00        10
         360       0.14      0.10      0.12        10
         361       0.17      0.10      0.12        10
         362       0.10      0.20      0.13        10
         363       0.00      0.00      0.00        10
         364       0.11      0.30      0.16        10
         365       0.10      0.40      0.15        10
         366       0.08      0.30      0.12        10
         367       0.00      0.00      0.00        10
         368       0.05      0.10      0.06        10
         369       0.00      0.00      0.00        10
         370       0.04      0.20      0.06        10
         371       0.00      0.00      0.00        10
         372       0.00      0.00      0.00        10
         373       0.00      0.00      0.00        10
         374       0.08      0.10      0.09        10
         375       0.00      0.00      0.00        10
         376       0.08      0.30      0.13        10
         377       0.30      0.60      0.40        10
         378       0.09      0.30      0.14        10
         379       0.00      0.00      0.00        10
         380       0.08      0.10      0.09        10
         381       0.07      0.20      0.10        10
         382       0.00      0.00      0.00        10
         383       0.00      0.00      0.00        10
         384       0.00      0.00      0.00        10
         385       0.00      0.00      0.00        10
         386       0.00      0.00      0.00        10
         387       0.00      0.00      0.00        10
         388       0.10      0.10      0.10        10
         389       0.07      0.10      0.08        10
         390       0.00      0.00      0.00        10
         391       0.00      0.00      0.00        10
         392       0.00      0.00      0.00        10
         393       0.00      0.00      0.00        10
         394       0.18      0.20      0.19        10
         395       0.00      0.00      0.00        10
         396       0.00      0.00      0.00        10
         397       0.07      0.10      0.08        10
         398       0.00      0.00      0.00        10
         399       0.00      0.00      0.00        10
         400       0.00      0.00      0.00        10
         401       0.00      0.00      0.00        10
         402       0.00      0.00      0.00        10
         403       0.00      0.00      0.00        10
         404       0.12      0.10      0.11        10
         405       0.14      0.10      0.12        10
         406       0.00      0.00      0.00        10
         407       0.05      0.30      0.08        10
         408       0.00      0.00      0.00        10
         409       0.00      0.00      0.00        10
         410       0.00      0.00      0.00        10
         411       0.00      0.00      0.00        10
         412       0.00      0.00      0.00        10
         413       0.00      0.00      0.00        10
         414       0.00      0.00      0.00        10
         415       0.00      0.00      0.00        10
         416       0.00      0.00      0.00        10
         417       0.04      0.10      0.05        10
         418       0.00      0.00      0.00        10
         419       0.00      0.00      0.00        10
         420       0.03      0.20      0.05        10
         421       0.00      0.00      0.00        10
         422       0.00      0.00      0.00        10
         423       0.00      0.00      0.00        10
         424       0.00      0.00      0.00        10
         425       0.06      0.20      0.10        10
         426       0.12      0.30      0.18        10
         427       0.00      0.00      0.00        10
         428       0.00      0.00      0.00        10
         429       0.00      0.00      0.00        10
         430       0.00      0.00      0.00        10
         431       0.09      0.20      0.12        10
         432       0.00      0.00      0.00        10
         433       0.06      0.10      0.08        10
         434       0.05      0.20      0.09        10
         435       0.18      0.20      0.19        10
         436       0.00      0.00      0.00        10
         437       0.11      0.20      0.14        10
         438       0.01      0.10      0.03        10
         439       0.00      0.00      0.00        10
         440       0.00      0.00      0.00        10
         441       0.17      0.10      0.12        10
         442       0.08      0.10      0.09        10
         443       0.00      0.00      0.00        10
         444       0.00      0.00      0.00        10
         445       0.00      0.00      0.00        10
         446       0.10      0.10      0.10        10
         447       0.00      0.00      0.00        10
         448       0.06      0.10      0.07        10
         449       0.19      0.40      0.26        10
         450       0.00      0.00      0.00        10
         451       0.00      0.00      0.00        10
         452       0.20      0.30      0.24        10
         453       0.00      0.00      0.00        10
         454       0.11      0.30      0.16        10
         455       0.00      0.00      0.00        10
         456       0.00      0.00      0.00        10
         457       0.10      0.30      0.15        10
         458       0.00      0.00      0.00        10
         459       0.20      0.10      0.13        10
         460       0.00      0.00      0.00        10
         461       0.12      0.10      0.11        10
         462       0.00      0.00      0.00        10
         463       0.20      0.10      0.13        10
         464       0.00      0.00      0.00        10
         465       0.33      0.10      0.15        10
         466       0.00      0.00      0.00        10
         467       0.05      0.20      0.08        10
         468       0.04      0.10      0.06        10
         469       0.00      0.00      0.00        10
         470       0.00      0.00      0.00        10
         471       0.22      0.20      0.21        10
         472       0.38      0.30      0.33        10
         473       0.07      0.10      0.08        10
         474       0.00      0.00      0.00        10
         475       0.00      0.00      0.00        10
         476       0.00      0.00      0.00        10
         477       0.00      0.00      0.00        10
         478       0.00      0.00      0.00        10
         479       0.00      0.00      0.00        10
         480       0.00      0.00      0.00        10
         481       0.00      0.00      0.00        10
         482       0.11      0.10      0.11        10
         483       0.03      0.10      0.04        10
         484       0.10      0.30      0.15        10
         485       0.00      0.00      0.00        10
         486       0.00      0.00      0.00        10
         487       0.00      0.00      0.00        10
         488       0.00      0.00      0.00        10
         489       0.00      0.00      0.00        10
         490       0.00      0.00      0.00        10
         491       0.00      0.00      0.00        10
         492       0.00      0.00      0.00        10
         493       0.00      0.00      0.00        10
         494       0.00      0.00      0.00        10
         495       0.00      0.00      0.00        10
         496       0.00      0.00      0.00        10
         497       0.00      0.00      0.00        10
         498       0.00      0.00      0.00        10
         499       0.00      0.00      0.00        10

    accuracy                           0.04      5000
   macro avg       0.03      0.04      0.03      5000
weighted avg       0.03      0.04      0.03      5000
