              precision    recall  f1-score   support

           0       0.17      0.20      0.18        10
           1       0.00      0.00      0.00        10
           2       0.50      0.20      0.29        10
           3       0.11      0.10      0.11        10
           4       0.12      0.10      0.11        10
           5       0.00      0.00      0.00        10
           6       0.00      0.00      0.00        10
           7       0.00      0.00      0.00        10
           8       0.43      0.30      0.35        10
           9       0.30      0.30      0.30        10
          10       0.00      0.00      0.00        10
          11       0.25      0.30      0.27        10
          12       0.09      0.20      0.12        10
          13       0.44      0.40      0.42        10
          14       0.50      0.20      0.29        10
          15       0.08      0.10      0.09        10
          16       0.06      0.10      0.07        10
          17       0.10      0.10      0.10        10
          18       0.67      0.20      0.31        10
          19       0.27      0.30      0.29        10
          20       0.00      0.00      0.00        10
          21       0.36      0.50      0.42        10
          22       0.42      0.50      0.45        10
          23       0.00      0.00      0.00        10
          24       0.36      0.40      0.38        10
          25       0.25      0.40      0.31        10
          26       0.21      0.30      0.25        10
          27       0.00      0.00      0.00        10
          28       0.14      0.30      0.19        10
          29       0.00      0.00      0.00        10
          30       0.23      0.30      0.26        10
          31       0.22      0.20      0.21        10
          32       0.00      0.00      0.00        10
          33       0.20      0.20      0.20        10
          34       0.29      0.20      0.24        10
          35       0.33      0.40      0.36        10
          36       0.00      0.00      0.00        10
          37       0.50      0.10      0.17        10
          38       0.38      0.60      0.46        10
          39       0.00      0.00      0.00        10
          40       0.25      0.10      0.14        10
          41       0.00      0.00      0.00        10
          42       0.33      0.10      0.15        10
          43       0.20      0.10      0.13        10
          44       0.20      0.10      0.13        10
          45       0.00      0.00      0.00        10
          46       0.00      0.00      0.00        10
          47       0.00      0.00      0.00        10
          48       0.00      0.00      0.00        10
          49       0.33      0.40      0.36        10
          50       0.25      0.10      0.14        10
          51       0.00      0.00      0.00        10
          52       0.10      0.10      0.10        10
          53       0.25      0.30      0.27        10
          54       0.15      0.30      0.20        10
          55       0.19      0.30      0.23        10
          56       0.17      0.40      0.24        10
          57       0.00      0.00      0.00        10
          58       0.00      0.00      0.00        10
          59       0.43      0.60      0.50        10
          60       0.00      0.00      0.00        10
          61       0.12      0.10      0.11        10
          62       0.25      0.10      0.14        10
          63       0.33      0.20      0.25        10
          64       0.25      0.30      0.27        10
          65       0.20      0.50      0.29        10
          66       0.45      0.90      0.60        10
          67       0.14      0.10      0.12        10
          68       0.07      0.10      0.08        10
          69       0.15      0.20      0.17        10
          70       0.50      0.40      0.44        10
          71       0.18      0.30      0.22        10
          72       0.08      0.20      0.11        10
          73       0.15      0.20      0.17        10
          74       0.25      0.20      0.22        10
          75       0.18      0.50      0.26        10
          76       0.07      0.10      0.08        10
          77       0.00      0.00      0.00        10
          78       0.33      0.10      0.15        10
          79       0.29      0.40      0.33        10
          80       0.40      0.20      0.27        10
          81       0.60      0.30      0.40        10
          82       0.43      0.30      0.35        10
          83       0.29      0.40      0.33        10
          84       0.18      0.20      0.19        10
          85       0.33      0.40      0.36        10
          86       0.60      0.30      0.40        10
          87       0.25      0.20      0.22        10
          88       0.50      0.10      0.17        10
          89       0.22      0.20      0.21        10
          90       0.00      0.00      0.00        10
          91       0.25      0.10      0.14        10
          92       0.11      0.10      0.11        10
          93       0.18      0.30      0.22        10
          94       0.09      0.20      0.12        10
          95       0.00      0.00      0.00        10
          96       0.20      0.20      0.20        10
          97       0.15      0.30      0.20        10
          98       0.11      0.10      0.11        10
          99       0.20      0.10      0.13        10
         100       0.00      0.00      0.00        10
         101       0.00      0.00      0.00        10
         102       0.00      0.00      0.00        10
         103       0.11      0.30      0.16        10
         104       0.29      0.20      0.24        10
         105       0.50      0.60      0.55        10
         106       0.36      0.40      0.38        10
         107       0.44      0.40      0.42        10
         108       0.40      0.20      0.27        10
         109       0.25      0.50      0.33        10
         110       0.24      0.60      0.34        10
         111       0.50      0.40      0.44        10
         112       0.33      0.40      0.36        10
         113       0.27      0.30      0.29        10
         114       0.00      0.00      0.00        10
         115       0.14      0.10      0.12        10
         116       0.27      0.30      0.29        10
         117       1.00      0.20      0.33        10
         118       0.20      0.10      0.13        10
         119       0.00      0.00      0.00        10
         120       0.19      0.30      0.23        10
         121       0.33      0.20      0.25        10
         122       0.50      0.30      0.38        10
         123       0.05      0.10      0.06        10
         124       0.50      0.10      0.17        10
         125       0.20      0.20      0.20        10
         126       0.38      0.50      0.43        10
         127       0.00      0.00      0.00        10
         128       0.12      0.10      0.11        10
         129       0.00      0.00      0.00        10
         130       0.29      0.20      0.24        10
         131       0.33      0.20      0.25        10
         132       0.67      0.60      0.63        10
         133       0.44      0.70      0.54        10
         134       0.08      0.10      0.09        10
         135       0.73      0.80      0.76        10
         136       0.12      0.30      0.17        10
         137       0.25      0.10      0.14        10
         138       0.00      0.00      0.00        10
         139       0.10      0.10      0.10        10
         140       0.50      0.50      0.50        10
         141       0.12      0.10      0.11        10
         142       0.12      0.30      0.18        10
         143       0.00      0.00      0.00        10
         144       0.33      0.30      0.32        10
         145       0.27      0.40      0.32        10
         146       0.11      0.10      0.11        10
         147       0.28      0.50      0.36        10
         148       0.00      0.00      0.00        10
         149       0.00      0.00      0.00        10
         150       0.00      0.00      0.00        10
         151       0.00      0.00      0.00        10
         152       0.00      0.00      0.00        10
         153       0.00      0.00      0.00        10
         154       0.17      0.10      0.12        10
         155       0.27      0.30      0.29        10
         156       0.25      0.20      0.22        10
         157       0.47      0.70      0.56        10
         158       0.42      0.50      0.45        10
         159       0.25      0.20      0.22        10
         160       0.26      0.60      0.36        10
         161       0.33      0.50      0.40        10
         162       0.17      0.10      0.12        10
         163       0.00      0.00      0.00        10
         164       0.10      0.20      0.13        10
         165       0.17      0.10      0.12        10
         166       0.00      0.00      0.00        10
         167       0.86      0.60      0.71        10
         168       0.00      0.00      0.00        10
         169       0.00      0.00      0.00        10
         170       0.00      0.00      0.00        10
         171       0.00      0.00      0.00        10
         172       0.00      0.00      0.00        10
         173       0.19      0.60      0.29        10
         174       0.00      0.00      0.00        10
         175       0.00      0.00      0.00        10
         176       0.13      0.20      0.16        10
         177       0.50      0.20      0.29        10
         178       0.09      0.10      0.10        10
         179       0.20      0.10      0.13        10
         180       0.78      0.70      0.74        10
         181       0.18      0.40      0.25        10
         182       0.22      0.20      0.21        10
         183       0.09      0.10      0.10        10
         184       0.13      0.30      0.18        10
         185       0.31      0.50      0.38        10
         186       0.29      0.40      0.33        10
         187       0.08      0.10      0.09        10
         188       0.00      0.00      0.00        10
         189       0.15      0.30      0.20        10
         190       0.00      0.00      0.00        10
         191       0.17      0.10      0.12        10
         192       0.15      0.20      0.17        10
         193       0.21      0.30      0.25        10
         194       0.30      0.30      0.30        10
         195       0.00      0.00      0.00        10
         196       0.30      0.30      0.30        10
         197       0.40      0.20      0.27        10
         198       0.17      0.30      0.21        10
         199       0.30      0.30      0.30        10
         200       0.20      0.10      0.13        10
         201       0.50      0.10      0.17        10
         202       0.00      0.00      0.00        10
         203       0.07      0.20      0.10        10
         204       0.17      0.10      0.12        10
         205       0.21      0.30      0.25        10
         206       0.17      0.10      0.12        10
         207       0.33      0.10      0.15        10
         208       0.00      0.00      0.00        10
         209       0.33      0.10      0.15        10
         210       0.20      0.20      0.20        10
         211       0.00      0.00      0.00        10
         212       0.00      0.00      0.00        10
         213       0.33      0.20      0.25        10
         214       0.50      0.10      0.17        10
         215       0.50      0.60      0.55        10
         216       0.00      0.00      0.00        10
         217       0.00      0.00      0.00        10
         218       0.11      0.10      0.11        10
         219       0.09      0.10      0.10        10
         220       0.00      0.00      0.00        10
         221       0.00      0.00      0.00        10
         222       0.00      0.00      0.00        10
         223       0.00      0.00      0.00        10
         224       0.00      0.00      0.00        10
         225       0.25      0.10      0.14        10
         226       0.00      0.00      0.00        10
         227       0.30      0.30      0.30        10
         228       0.44      0.80      0.57        10
         229       1.00      0.10      0.18        10
         230       0.00      0.00      0.00        10
         231       0.00      0.00      0.00        10
         232       0.29      0.40      0.33        10
         233       0.10      0.10      0.10        10
         234       0.25      0.20      0.22        10
         235       0.18      0.20      0.19        10
         236       0.25      0.10      0.14        10
         237       0.19      0.30      0.23        10
         238       0.40      0.40      0.40        10
         239       0.31      0.50      0.38        10
         240       0.00      0.00      0.00        10
         241       0.00      0.00      0.00        10
         242       0.31      0.50      0.38        10
         243       0.00      0.00      0.00        10
         244       0.14      0.10      0.12        10
         245       0.27      0.30      0.29        10
         246       0.00      0.00      0.00        10
         247       0.00      0.00      0.00        10
         248       0.29      0.60      0.39        10
         249       0.31      0.40      0.35        10
         250       0.00      0.00      0.00        10
         251       0.00      0.00      0.00        10
         252       0.11      0.10      0.11        10
         253       0.00      0.00      0.00        10
         254       0.00      0.00      0.00        10
         255       0.00      0.00      0.00        10
         256       0.00      0.00      0.00        10
         257       0.00      0.00      0.00        10
         258       0.00      0.00      0.00        10
         259       0.25      0.10      0.14        10
         260       0.00      0.00      0.00        10
         261       0.00      0.00      0.00        10
         262       0.10      0.30      0.15        10
         263       0.00      0.00      0.00        10
         264       0.09      0.10      0.10        10
         265       0.00      0.00      0.00        10
         266       0.20      0.10      0.13        10
         267       0.11      0.10      0.11        10
         268       0.05      0.10      0.07        10
         269       0.00      0.00      0.00        10
         270       0.00      0.00      0.00        10
         271       0.27      0.40      0.32        10
         272       0.29      0.40      0.33        10
         273       0.30      0.30      0.30        10
         274       0.25      0.10      0.14        10
         275       0.44      0.40      0.42        10
         276       0.00      0.00      0.00        10
         277       0.25      0.10      0.14        10
         278       0.00      0.00      0.00        10
         279       0.29      0.20      0.24        10
         280       0.46      0.60      0.52        10
         281       0.21      0.30      0.25        10
         282       0.60      0.60      0.60        10
         283       0.15      0.40      0.22        10
         284       0.11      0.10      0.11        10
         285       0.38      0.80      0.52        10
         286       0.39      0.70      0.50        10
         287       0.36      0.40      0.38        10
         288       0.18      0.30      0.22        10
         289       0.40      0.40      0.40        10
         290       0.50      0.40      0.44        10
         291       0.20      0.20      0.20        10
         292       0.31      0.50      0.38        10
         293       0.33      0.70      0.45        10
         294       0.15      0.20      0.17        10
         295       0.25      0.30      0.27        10
         296       0.67      0.80      0.73        10
         297       0.21      0.30      0.25        10
         298       0.31      0.40      0.35        10
         299       0.15      0.20      0.17        10
         300       0.38      0.50      0.43        10
         301       0.50      0.40      0.44        10
         302       0.29      0.50      0.37        10
         303       0.18      0.20      0.19        10
         304       0.29      0.50      0.37        10
         305       0.29      0.50      0.37        10
         306       0.40      0.40      0.40        10
         307       0.20      0.30      0.24        10
         308       0.11      0.30      0.16        10
         309       0.20      0.20      0.20        10
         310       0.25      0.20      0.22        10
         311       0.20      0.10      0.13        10
         312       0.20      0.10      0.13        10
         313       0.11      0.10      0.11        10
         314       0.11      0.10      0.11        10
         315       0.40      0.60      0.48        10
         316       0.21      0.30      0.25        10
         317       0.60      0.60      0.60        10
         318       0.29      0.50      0.37        10
         319       0.86      0.60      0.71        10
         320       0.11      0.10      0.11        10
         321       0.60      0.60      0.60        10
         322       0.08      0.10      0.09        10
         323       0.30      0.30      0.30        10
         324       0.00      0.00      0.00        10
         325       0.21      0.30      0.25        10
         326       0.07      0.10      0.08        10
         327       0.00      0.00      0.00        10
         328       0.20      0.10      0.13        10
         329       0.23      0.30      0.26        10
         330       0.29      0.20      0.24        10
         331       0.00      0.00      0.00        10
         332       0.08      0.10      0.09        10
         333       0.08      0.10      0.09        10
         334       0.25      0.50      0.33        10
         335       0.10      0.20      0.13        10
         336       0.33      0.20      0.25        10
         337       0.14      0.30      0.19        10
         338       0.31      0.50      0.38        10
         339       0.30      0.30      0.30        10
         340       0.11      0.10      0.11        10
         341       0.36      0.50      0.42        10
         342       0.20      0.30      0.24        10
         343       0.43      0.30      0.35        10
         344       0.00      0.00      0.00        10
         345       0.38      0.60      0.46        10
         346       0.23      0.30      0.26        10
         347       0.46      0.60      0.52        10
         348       1.00      0.50      0.67        10
         349       0.41      0.70      0.52        10
         350       0.55      0.60      0.57        10
         351       0.17      0.10      0.12        10
         352       0.33      0.30      0.32        10
         353       0.50      0.30      0.38        10
         354       0.50      0.80      0.62        10
         355       0.25      0.30      0.27        10
         356       0.31      0.50      0.38        10
         357       0.25      0.20      0.22        10
         358       0.20      0.10      0.13        10
         359       0.00      0.00      0.00        10
         360       0.29      0.50      0.37        10
         361       0.67      0.20      0.31        10
         362       0.33      0.50      0.40        10
         363       0.08      0.10      0.09        10
         364       0.55      0.60      0.57        10
         365       0.27      0.30      0.29        10
         366       0.40      0.20      0.27        10
         367       0.40      0.20      0.27        10
         368       0.40      0.40      0.40        10
         369       0.20      0.30      0.24        10
         370       0.22      0.20      0.21        10
         371       0.18      0.20      0.19        10
         372       0.00      0.00      0.00        10
         373       0.04      0.10      0.06        10
         374       0.21      0.40      0.28        10
         375       0.00      0.00      0.00        10
         376       0.64      0.90      0.75        10
         377       0.50      0.80      0.62        10
         378       0.40      0.40      0.40        10
         379       0.08      0.10      0.09        10
         380       0.21      0.30      0.25        10
         381       0.14      0.30      0.19        10
         382       0.10      0.10      0.10        10
         383       0.29      0.20      0.24        10
         384       0.29      0.20      0.24        10
         385       0.11      0.10      0.11        10
         386       0.50      0.10      0.17        10
         387       0.10      0.10      0.10        10
         388       0.19      0.30      0.23        10
         389       0.62      0.50      0.56        10
         390       1.00      0.10      0.18        10
         391       0.25      0.20      0.22        10
         392       0.15      0.30      0.20        10
         393       0.24      0.40      0.30        10
         394       0.30      0.30      0.30        10
         395       0.40      0.40      0.40        10
         396       0.25      0.20      0.22        10
         397       0.56      0.50      0.53        10
         398       0.18      0.20      0.19        10
         399       0.20      0.10      0.13        10
         400       0.12      0.10      0.11        10
         401       0.25      0.20      0.22        10
         402       0.39      0.70      0.50        10
         403       0.31      0.40      0.35        10
         404       0.27      0.30      0.29        10
         405       0.00      0.00      0.00        10
         406       0.00      0.00      0.00        10
         407       0.56      0.50      0.53        10
         408       0.43      0.60      0.50        10
         409       0.62      0.50      0.56        10
         410       0.33      0.20      0.25        10
         411       0.00      0.00      0.00        10
         412       0.00      0.00      0.00        10
         413       0.00      0.00      0.00        10
         414       0.13      0.30      0.18        10
         415       0.19      0.30      0.23        10
         416       0.10      0.10      0.10        10
         417       0.00      0.00      0.00        10
         418       0.33      0.30      0.32        10
         419       0.14      0.10      0.12        10
         420       0.10      0.20      0.13        10
         421       0.33      0.10      0.15        10
         422       0.11      0.10      0.11        10
         423       0.33      0.30      0.32        10
         424       0.14      0.10      0.12        10
         425       0.20      0.50      0.29        10
         426       0.56      0.50      0.53        10
         427       0.12      0.10      0.11        10
         428       0.23      0.30      0.26        10
         429       0.39      0.70      0.50        10
         430       0.08      0.10      0.09        10
         431       0.40      0.40      0.40        10
         432       0.44      0.40      0.42        10
         433       0.30      0.30      0.30        10
         434       0.47      0.70      0.56        10
         435       0.24      0.50      0.32        10
         436       0.11      0.10      0.11        10
         437       0.50      0.50      0.50        10
         438       0.17      0.30      0.21        10
         439       0.08      0.20      0.12        10
         440       0.14      0.20      0.17        10
         441       0.57      0.40      0.47        10
         442       0.67      0.80      0.73        10
         443       0.17      0.10      0.12        10
         444       0.13      0.20      0.16        10
         445       0.00      0.00      0.00        10
         446       0.46      0.60      0.52        10
         447       0.14      0.20      0.17        10
         448       0.21      0.30      0.25        10
         449       0.62      0.50      0.56        10
         450       0.00      0.00      0.00        10
         451       0.22      0.20      0.21        10
         452       0.14      0.20      0.17        10
         453       0.50      0.30      0.38        10
         454       0.64      0.70      0.67        10
         455       0.00      0.00      0.00        10
         456       0.20      0.30      0.24        10
         457       0.38      0.50      0.43        10
         458       0.00      0.00      0.00        10
         459       0.33      0.60      0.43        10
         460       0.25      0.30      0.27        10
         461       0.47      0.70      0.56        10
         462       0.18      0.20      0.19        10
         463       0.29      0.20      0.24        10
         464       0.80      0.40      0.53        10
         465       0.10      0.10      0.10        10
         466       0.00      0.00      0.00        10
         467       0.50      0.50      0.50        10
         468       0.50      0.70      0.58        10
         469       0.33      0.40      0.36        10
         470       0.00      0.00      0.00        10
         471       0.21      0.30      0.25        10
         472       0.60      0.60      0.60        10
         473       0.00      0.00      0.00        10
         474       0.25      0.10      0.14        10
         475       0.00      0.00      0.00        10
         476       0.11      0.10      0.11        10
         477       0.00      0.00      0.00        10
         478       0.00      0.00      0.00        10
         479       0.11      0.10      0.11        10
         480       0.17      0.10      0.12        10
         481       0.11      0.20      0.14        10
         482       0.30      0.30      0.30        10
         483       0.20      0.30      0.24        10
         484       0.62      0.80      0.70        10
         485       0.22      0.20      0.21        10
         486       0.40      0.20      0.27        10
         487       0.33      0.10      0.15        10
         488       0.20      0.10      0.13        10
         489       0.09      0.10      0.10        10
         490       0.07      0.10      0.08        10
         491       0.17      0.20      0.18        10
         492       0.00      0.00      0.00        10
         493       0.00      0.00      0.00        10
         494       0.21      0.30      0.25        10
         495       0.11      0.10      0.11        10
         496       0.25      0.30      0.27        10
         497       0.20      0.10      0.13        10
         498       0.05      0.10      0.07        10
         499       0.15      0.20      0.17        10

    accuracy                           0.23      5000
   macro avg       0.22      0.23      0.21      5000
weighted avg       0.22      0.23      0.21      5000
